Position	Name	Range/Blocking	Error/Framing	Arm	Turn DP	Games	W	L	Runs scored	Runs allowed	winpct	run score/G	run conc/G	win/162 delta	run/162 delta
SS	Baseline	60	60	55	50	100000	50231	49769	434612	433939	50.23%	4.35	4.34
SS	Baseline	60	60	55	50	100000	50093	49907	434305	433615	50.09%	4.34	4.34
SS	Baseline	60	60	55	50	100000	50118	49882	434377	434430	50.12%	4.34	4.34
SS	Baseline Average	60	60	55	50	100000	50147	49853	434431	433995	50.15%	4.34	4.34	n/a	n/a
SS	RNG40xERR60xARM55xTDP50	40	60	55	50	100000	49543	50457	434865	440217	49.54%	4.35	4.40	-0.98	-10.1
SS	RNG45xERR60xARM55xTDP50	45	60	55	50	100000	49497	50503	434811	438342	49.50%	4.35	4.38	-1.05	-7.0
SS	RNG50xERR60xARM55xTDP50	50	60	55	50	100000	49215	50785	433536	440885	49.22%	4.34	4.41	-1.51	-11.2
SS	RNG55xERR60xARM55xTDP50	55	60	55	50	100000	49146	50854	435444	442064	49.15%	4.35	4.42	-1.62	-13.1
SS	RNG65xERR60xARM55xTDP50	65	60	55	50	100000	51849	48151	434109	416465	51.85%	4.34	4.16	2.76	28.4
SS	RNG70xERR60xARM55xTDP50	70	60	55	50	100000	51991	48009	433680	413888	51.99%	4.34	4.14	2.99	32.6
SS	RNG75xERR60xARM55xTDP50	75	60	55	50	100000	51814	48186	431343	413087	51.81%	4.31	4.13	2.70	33.9
SS	RNG60xERR50xARM55xTDP50	60	50	55	50	100000	49866	50134	434246	436547	49.87%	4.34	4.37	-0.46	-4.1
SS	RNG60xERR55xARM55xTDP50	60	55	55	50	100000	49855	50145	435110	436472	49.86%	4.35	4.36	-0.47	-4.0
SS	RNG60xERR65xARM55xTDP50	60	65	55	50	100000	49965	50035	435041	434114	49.97%	4.35	4.34	-0.30	-0.2
SS	RNG60xERR70xARM55xTDP50	60	70	55	50	100000	50584	49416	435999	431954	50.58%	4.36	4.32	0.71	3.3
SS	RNG60xERR75xARM55xTDP50	60	75	55	50	100000	50331	49669	436126	432745	50.33%	4.36	4.33	0.30	2.0
SS	RNG60xERR60xARM50xTDP50	60	60	50	50	100000	49540	50460	434954	440226	49.54%	4.35	4.40	-0.98	-10.1
SS	RNG60xERR60xARM60xTDP50	60	60	60	50	100000	51070	48930	434401	424502	51.07%	4.34	4.25	1.49	15.4
SS	RNG60xERR60xARM65xTDP50	60	60	65	50	100000	51738	48262	432716	416834	51.74%	4.33	4.17	2.58	27.8
SS	RNG60xERR60xARM70xTDP50	60	60	70	50	100000	52023	47977	434215	416007	52.02%	4.34	4.16	3.04	29.1
SS	RNG60xERR60xARM75xTDP50	60	60	75	50	100000	52028	47972	434563	414357	52.03%	4.35	4.14	3.05	31.8
SS	RNG60xERR60xARM55xTDP45	60	60	55	45	100000	49737	50263	432591	436529	49.74%	4.33	4.37	-0.66	-4.1
SS	RNG60xERR60xARM55xTDP55	60	60	55	55	100000	49866	50134	433556	434460	49.87%	4.34	4.34	-0.46	-0.8
SS	RNG60xERR60xARM55xTDP60	60	60	55	60	100000	50181	49819	433240	433025	50.18%	4.33	4.33	0.05	1.6
SS	RNG60xERR60xARM55xTDP65	60	60	55	65	100000	50209	49791	435160	432998	50.21%	4.35	4.33	0.10	1.6
SS	RNG60xERR60xARM55xTDP70	60	60	55	70	100000	50339	49661	434837	433742	50.34%	4.35	4.34	0.31	0.4
SS	RNG60xERR60xARM55xTDP75	60	60	55	75	100000	50171	49829	435053	433483	50.17%	4.35	4.33	0.04	0.8
SS	RNG70xERR70xARM70xTDP70	70	70	70	70	100000	52719	47281	435414	408576	52.72%	4.35	4.09	4.17	41.2
SS	RNG70xERR70xARM55xTDP50	70	70	55	50	100000	52241	47759	434638	412461	52.24%	4.35	4.12	3.39	34.9
SS	RNG70xERR60xARM70xTDP50	70	60	70	50	100000	52055	47945	433923	414390	52.06%	4.34	4.14	3.09	31.8
SS	RNG70xERR60xARM55xTDP70	70	60	55	70	100000	52039	47961	432802	413505	52.04%	4.33	4.14	3.06	33.2
SS	RNG60xERR70xARM70xTDP50	60	70	70	50	100000	52550	47450	435180	412016	52.55%	4.35	4.12	3.89	35.6
SS	RNG60xERR70xARM55xTDP70	60	70	55	70	100000	50255	49745	433585	431257	50.26%	4.34	4.31	0.17	4.4
SS	RNG60xERR60xARM70xTDP70	60	60	70	70	100000	52145	47855	433521	413565	52.15%	4.34	4.14	3.24	33.1
SS	RNG50xERR60xARM50xTDP50	50	60	50	50	100000	49246	50754	433184	441456	49.25%	4.33	4.41	-1.46	-12.1
SS	RNG70xERR60xARM50xTDP50	70	60	50	50	100000	52265	47735	434611	413386	52.27%	4.35	4.13	3.43	33.4
SS	RNG40xERR60xARM40xTDP50	40	60	40	50	100000	49634	50366	434504	439028	49.63%	4.35	4.39	-0.83	-8.2
SS	RNG45xERR60xARM45xTDP50	45	60	45	50	100000	49513	50487	434082	439389	49.51%	4.34	4.39	-1.03	-8.7
SS	RNG65xERR60xARM65xTDP50	65	60	65	50	100000	52106	47894	434288	415068	52.11%	4.34	4.15	3.17	30.7
SS	RNG75xERR60xARM75xTDP50	75	60	75	50	100000	52581	47419	433945	411619	52.58%	4.34	4.12	3.94	36.2
SS	RNG65xERR60xARM70xTDP50	65	60	70	50	100000	52111	47889	432753	412406	52.11%	4.33	4.12	3.18	35.0
SS	RNG70xERR60xARM65xTDP50	70	60	65	50	100000	52052	47948	433072	413777	52.05%	4.33	4.14	3.09	32.8
SS	RNG65xERR60xARM75xTDP50	65	60	75	50	100000	52349	47651	435520	412531	52.35%	4.36	4.13	3.57	34.8
SS	RNG70xERR60xARM75xTDP50	70	60	75	50	100000	52016	47984	432978	413830	52.02%	4.33	4.14	3.03	32.7
SS	RNG75xERR60xARM70xTDP50	75	60	70	50	100000	52311	47689	434433	413520	52.31%	4.34	4.14	3.51	33.2
SS	RNG40xERR60xARM70xTDP50	40	60	70	50	100000	49285	50715	433924	440790	49.29%	4.34	4.41	-1.40	-11.0
SS	RNG70xERR60xARM40xTDP50	70	60	40	50	100000	51624	48376	432659	416399	51.62%	4.33	4.16	2.39	28.5
SS	RNG75xERR60xARM40xTDP50	75	60	40	50	100000	51928	48072	433536	415506	51.93%	4.34	4.16	2.88	30.0
SS	RNG40xERR60xARM75xTDP50	40	60	75	50	100000	49548	50452	435037	440020	49.55%	4.35	4.40	-0.97	-9.8
SS	RNG40xERR60xARM65xTDP50	40	60	65	50	100000	49414	50586	433776	439331	49.41%	4.34	4.39	-1.19	-8.6
SS	RNG50xERR60xARM65xTDP50	50	60	65	50	100000	49049	50951	433556	442684	49.05%	4.34	4.43	-1.78	-14.1
SS	RNG50xERR60xARM70xTDP50	50	60	70	50	100000	49028	50972	433772	443379	49.03%	4.34	4.43	-1.81	-15.2
SS	RNG50xERR60xARM40xTDP50	50	60	40	50	100000	49531	50469	435008	438664	49.53%	4.35	4.39	-1.00	-7.6
SS	RNG55xERR60xARM65xTDP50	55	60	65	50	100000	49499	50501	433035	438234	49.50%	4.33	4.38	-1.05	-6.9
SS	RNG55xERR60xARM70xTDP50	55	60	70	50	100000	50248	49752	435287	433298	50.25%	4.35	4.33	0.16	1.1
SS	RNG65xERR60xARM40xTDP50	65	60	40	50	100000	49812	50188	433931	436798	49.81%	4.34	4.37	-0.54	-4.5
SS	RNG65xERR60xARM60xTDP50	65	60	60	50	100000	52189	47811	434658	413851	52.19%	4.35	4.14	3.31	32.6
SS	RNG70xERR60xARM45xTDP50	70	60	45	50	100000	51836	48164	432171	414229	51.84%	4.32	4.14	2.74	32.0
SS	RNG65xERR60xARM45xTDP50	65	60	45	50	100000	50250	49750	434565	431161	50.25%	4.35	4.31	0.17	4.6
SS	RNG65xERR60xARM50xTDP50	65	60	50	50	100000	51359	48641	434075	419987	51.36%	4.34	4.20	1.96	22.7
SS	RNG55xERR60xARM40xTDP50	55	60	40	50	100000	48969	51031	432388	441458	48.97%	4.32	4.41	-1.91	-12.1
SS	RNG55xERR60xARM45xTDP50	55	60	45	50	100000	49299	50701	433605	442501	49.30%	4.34	4.43	-1.37	-13.8
SS	RNG55xERR60xARM50xTDP50	55	60	50	50	100000	49352	50648	435746	441860	49.35%	4.36	4.42	-1.29	-12.7
SS	RNG55xERR60xARM60xTDP50	55	60	60	50	100000	49374	50626	433284	441415	49.37%	4.33	4.41	-1.25	-12.0
SS	RNG55xERR60xARM75xTDP50	55	60	75	50	100000	51137	48863	433746	422547	51.14%	4.34	4.23	1.60	18.5
SS	RNG60xERR60xARM40xTDP50	60	60	40	50	100000	48949	51051	432937	442175	48.95%	4.33	4.42	-1.94	-13.3
SS	RNG60xERR60xARM45xTDP50	60	60	45	50	100000	49079	50921	432969	440954	49.08%	4.33	4.41	-1.73	-11.3
SS	RNG70xERR60xARM60xTDP50	70	60	60	50	100000	52140	47860	434730	414048	52.14%	4.35	4.14	3.23	32.3
1B	Baseline	35	35	40	40	100000	50147	49853	434431	433995	50.15%	4.34	4.34	n/a	n/a
1B	RNG20xERR35xARM40xTDP40	20	35	40	40	100000	49785	50215	431980	435007	49.79%	4.32	4.35	-0.59	-1.6
1B	RNG30xERR35xARM40xTDP40	30	35	40	40	100000	49649	50351	434021	436272	49.65%	4.34	4.36	-0.81	-3.7
1B	RNG40xERR35xARM40xTDP40	40	35	40	40	100000	50370	49630	435324	433571	50.37%	4.35	4.34	0.36	0.7
1B	RNG45xERR35xARM40xTDP40	45	35	40	40	100000	50354	49646	432861	431648	50.35%	4.33	4.32	0.33	3.8
1B	RNG50xERR35xARM40xTDP40	50	35	40	40	100000	50084	49916	435040	433487	50.08%	4.35	4.33	-0.10	0.8
1B	RNG35xERR20xARM40xTDP40	35	20	40	40	100000	49809	50191	433003	435255	49.81%	4.33	4.35	-0.55	-2.0
1B	RNG35xERR30xARM40xTDP40	35	30	40	40	100000	50204	49796	434831	433581	50.20%	4.35	4.34	0.09	0.7
1B	RNG35xERR40xARM40xTDP40	35	40	40	40	100000	50104	49896	433688	433280	50.10%	4.34	4.33	-0.07	1.2
1B	RNG35xERR50xARM40xTDP40	35	50	40	40	100000	50127	49873	434898	435363	50.13%	4.35	4.35	-0.03	-2.2
1B	RNG35xERR60xARM40xTDP40	35	60	40	40	100000	49836	50164	434831	435131	49.84%	4.35	4.35	-0.50	-1.8
1B	RNG40xERR40xARM40xTDP40	40	40	40	40	100000	50112	49888	434556	433551	50.11%	4.35	4.34	-0.06	0.7
1B	RNG50xERR50xARM50xTDP50	50	50	50	50	100000	50163	49837	433538	431491	50.16%	4.34	4.31	0.03	4.1
2B	Baseline	50	55	50	55	100000	50147	49853	434431	433995	50.15%	4.34	4.34	n/a	n/a
2B	RNG40xERR55xARM50xTDP55	40	55	50	55	100000	49985	50015	435642	436419	49.99%	4.36	4.36	-0.26	-3.9
2B	RNG55xERR55xARM50xTDP55	55	55	50	55	100000	51016	48984	435847	426798	51.02%	4.36	4.27	1.41	11.7
2B	RNG60xERR55xARM50xTDP55	60	55	50	55	100000	50816	49184	434030	426670	50.82%	4.34	4.27	1.08	11.9
2B	RNG65xERR55xARM50xTDP55	65	55	50	55	100000	51001	48999	433625	425328	51.00%	4.34	4.25	1.38	14.0
2B	RNG70xERR55xARM50xTDP55	70	55	50	55	100000	50811	49189	433670	425315	50.81%	4.34	4.25	1.08	14.1
2B	RNG75xERR55xARM50xTDP55	75	55	50	55	100000	50715	49285	434090	425781	50.72%	4.34	4.26	0.92	13.3
2B	RNG50xERR40xARM50xTDP55	50	40	50	55	100000	49945	50055	433834	436366	49.95%	4.34	4.36	-0.33	-3.8
2B	RNG50xERR50xARM50xTDP55	50	50	50	55	100000	49931	50069	435582	435999	49.93%	4.36	4.36	-0.35	-3.2
2B	RNG50xERR60xARM50xTDP55	50	60	50	55	100000	49874	50126	434162	436235	49.87%	4.34	4.36	-0.44	-3.6
2B	RNG50xERR70xARM50xTDP55	50	70	50	55	100000	49733	50267	432856	434752	49.73%	4.33	4.35	-0.67	-1.2
2B	RNG50xERR55xARM40xTDP55	50	55	40	55	100000	49943	50057	435261	437070	49.94%	4.35	4.37	-0.33	-5.0
2B	RNG50xERR55xARM55xTDP55	50	55	55	55	100000	50094	49906	434436	433397	50.09%	4.34	4.33	-0.09	1.0
2B	RNG50xERR55xARM60xTDP55	50	55	60	55	100000	50229	49771	435142	432933	50.23%	4.35	4.33	0.13	1.7
2B	RNG50xERR55xARM65xTDP55	50	55	65	55	100000	50403	49597	434297	431053	50.40%	4.34	4.31	0.41	4.8
2B	RNG50xERR55xARM70xTDP55	50	55	70	55	100000	50691	49309	434563	428484	50.69%	4.35	4.28	0.88	8.9
2B	RNG50xERR55xARM75xTDP55	50	55	75	55	100000	50485	49515	434515	429039	50.49%	4.35	4.29	0.55	8.0
2B	RNG50xERR55xARM50xTDP55	50	55	50	55	100000	49245	50755	433124	439533	49.25%	4.33	4.40	-1.46	-9.0
2B	RNG50xERR55xARM50xTDP50	50	55	50	50	100000	49844	50156	433777	436683	49.84%	4.34	4.37	-0.49	-4.4
2B	RNG50xERR55xARM50xTDP60	50	55	50	60	100000	50025	49975	433597	433782	50.03%	4.34	4.34	-0.20	0.3
2B	RNG50xERR55xARM50xTDP70	50	55	50	70	100000	50228	49772	433789	429900	50.23%	4.34	4.30	0.13	6.6
2B	RNG50xERR55xARM50xTDP75	50	55	50	75	100000	50010	49990	432431	431584	50.01%	4.32	4.32	-0.22	3.9
2B	RNG70xERR55xARM70xTDP55	70	55	70	55	100000	50826	49174	433503	424832	50.83%	4.34	4.25	1.10	14.8
2B	RNG70xERR70xARM70xTDP70	70	70	70	70	100000	51407	48593	434590	419984	51.41%	4.35	4.20	2.04	22.7
2B	RNG70xERR55xARM70xTDP70	70	55	70	70	100000	51160	48840	432994	421375	51.16%	4.33	4.21	1.64	20.4
2B	RNG70xERR55xARM50xTDP70	70	55	50	70	100000	51245	48755	433712	422293	51.25%	4.34	4.22	1.78	19.0
2B	RNG40xERR55xARM50xTDP40	40	55	50	40	100000	49457	50543	435334	441324	49.46%	4.35	4.41	-1.12	-11.9
2B	RNG50xERR55xARM70xTDP40	50	55	70	40	100000	49974	50026	435186	433638	49.97%	4.35	4.34	-0.28	0.6
2B	RNG40xERR55xARM40xTDP55	40	55	40	55	100000	49673	50327	434120	437141	49.67%	4.34	4.37	-0.77	-5.1
2B	RNG75xERR55xARM75xTDP55	75	55	75	55	100000	51050	48950	434813	424849	51.05%	4.35	4.25	1.46	14.8
2B	RNG55xERR55xARM40xTDP55	55	55	40	55	100000	50512	49488	434251	429973	50.51%	4.34	4.30	0.59	6.5
2B	RNG55xERR55xARM70xTDP55	55	55	70	55	100000	50783	49217	433681	426694	50.78%	4.34	4.27	1.03	11.8
2B	RNG55xERR55xARM70xTDP55	55	55	70	55	100000	50823	49177	435130	426591	50.82%	4.35	4.27	1.09	12.0
2B	RNG55xERR55xARM75xTDP55	55	55	75	55	100000	51209	48791	435219	424950	51.21%	4.35	4.25	1.72	14.7
2B	RNG60xERR55xARM70xTDP55	60	55	70	55	100000	50876	49124	433793	425035	50.88%	4.34	4.25	1.18	14.5
2B	RNG60xERR55xARM75xTDP55	60	55	75	55	100000	50988	49012	434762	425178	50.99%	4.35	4.25	1.36	14.3
2B	RNG45xERR55xARM40xTDP55	45	55	40	55	100000	49795	50205	433631	435884	49.80%	4.34	4.36	-0.57	-3.1
2B	RNG45xERR55xARM70xTDP55	45	55	70	55	100000	49903	50097	434140	435346	49.90%	4.34	4.35	-0.40	-2.2
2B	RNG70xERR40xARM50xTDP55	70	40	50	55	100000	50642	49358	434136	426714	50.64%	4.34	4.27	0.80	11.8
2B	RNG70xERR70xARM50xTDP55	70	70	50	55	100000	51045	48955	433536	424393	51.05%	4.34	4.24	1.45	15.6
2B	RNG55xERR70xARM50xTDP55	55	70	50	55	100000	51115	48885	435380	425400	51.12%	4.35	4.25	1.57	13.9
2B	RNG55xERR55xARM50xTDP70	55	55	50	70	100000	51020	48980	434618	423450	51.02%	4.35	4.23	1.41	17.1
2B	RNG50xERR55xARM70xTDP70	50	55	70	70	100000	50436	49564	434527	429507	50.44%	4.35	4.30	0.47	7.3
2B	RNG50xERR55xARM40xTDP70	50	55	40	70	100000	50099	49901	433653	433793	50.10%	4.34	4.34	-0.08	0.3
2B	RNG50xERR55xARM40xTDP40	50	55	40	40	100000	49410	50590	434086	441178	49.41%	4.34	4.41	-1.19	-11.6
3B	Baseline	55	55	55	50	100000	50147	49853	434431	433995	50.15%	4.34	4.34	n/a	n/a
3B	RNG40xERR55xARM55xTDP50	40	55	55	50	100000	49841	50159	434378	437341	49.84%	4.34	4.37	-0.50	-5.4
3B	RNG50xERR55xARM55xTDP50	50	55	55	50	100000	49723	50277	434068	437661	49.72%	4.34	4.38	-0.69	-5.9
3B	RNG60xERR55xARM55xTDP50	60	55	55	50	100000	50509	49491	433168	429013	50.51%	4.33	4.29	0.59	8.1
3B	RNG70xERR55xARM55xTDP50	70	55	55	50	100000	50958	49042	434045	425640	50.96%	4.34	4.26	1.31	13.5
3B	RNG75xERR55xARM55xTDP50	75	55	55	50	100000	50857	49143	433144	425103	50.86%	4.33	4.25	1.15	14.4
3B	RNG55xERR40xARM55xTDP50	55	40	55	50	100000	50006	49994	435390	436298	50.01%	4.35	4.36	-0.23	-3.7
3B	RNG55xERR50xARM55xTDP50	55	50	55	50	100000	49615	50385	434774	436915	49.62%	4.35	4.37	-0.86	-4.7
3B	RNG55xERR60xARM55xTDP50	55	60	55	50	100000	49770	50230	432854	435141	49.77%	4.33	4.35	-0.61	-1.9
3B	RNG55xERR65xARM55xTDP50	55	65	55	50	100000	50310	49690	435536	433651	50.31%	4.36	4.34	0.26	0.6
3B	RNG55xERR70xARM55xTDP50	55	70	55	50	100000	50119	49881	434527	432703	50.12%	4.35	4.33	-0.05	2.1
3B	RNG55xERR75xARM55xTDP50	55	75	55	50	100000	50350	49650	433341	431901	50.35%	4.33	4.32	0.33	3.4
3B	RNG55xERR55xARM40xTDP50	55	55	40	50	100000	49638	50362	436075	440118	49.64%	4.36	4.40	-0.83	-9.9
3B	RNG55xERR55xARM50xTDP50	55	55	50	50	100000	49578	50422	432616	437053	49.58%	4.33	4.37	-0.92	-5.0
3B	RNG55xERR55xARM60xTDP50	55	55	60	50	100000	50410	49590	433774	429569	50.41%	4.34	4.30	0.43	7.2
3B	RNG55xERR55xARM70xTDP50	55	55	70	50	100000	50789	49211	432893	425774	50.79%	4.33	4.26	1.04	13.3
3B	RNG55xERR55xARM75xTDP50	55	55	75	50	100000	50711	49289	433644	425148	50.71%	4.34	4.25	0.91	14.3
3B	RNG55xERR55xARM55xTDP75	55	55	55	75	100000	50026	49974	434271	433883	50.03%	4.34	4.34	-0.20	0.2
3B	RNG70xERR70xARM55xTDP50	70	70	55	50	100000	50871	49129	433194	424139	50.87%	4.33	4.24	1.17	16.0
3B	RNG70xERR55xARM70xTDP50	70	55	70	50	100000	50829	49171	434495	425892	50.83%	4.34	4.26	1.10	13.1
3B	RNG55xERR70xARM70xTDP50	55	70	70	50	100000	51063	48937	434675	424321	51.06%	4.35	4.24	1.48	15.7
3B	RNG60xERR65xARM70xTDP50	60	65	70	50	100000	50911	49089	433869	423964	50.91%	4.34	4.24	1.24	16.2
3B	RNG60xERR55xARM70xTDP50	60	55	70	50	100000	50904	49096	435636	426461	50.90%	4.36	4.26	1.23	12.2
3B	RNG60xERR65xARM55xTDP50	60	65	55	50	100000	50595	49405	433601	429364	50.60%	4.34	4.29	0.73	7.5
3B	RNG55xERR65xARM70xTDP50	55	65	70	50	100000	51063	48937	434635	423709	51.06%	4.35	4.24	1.48	16.7
3B	RNG60xERR55xARM60xTDP50	60	55	60	50	100000	51105	48895	435662	425966	51.11%	4.36	4.26	1.55	13.0
CF	Baseline	60	60	55	N/A	100000	50147	49853	434431	433995	50.15%	4.34	4.34	n/a	n/a
CF	RNG40xERR60xARM55	40	60	55	N/A	100000	49240	50760	436311	442782	49.24%	4.36	4.43	-1.47	-14.2
CF	RNG50xERR60xARM55	50	60	55	N/A	100000	49164	50836	434298	441701	49.16%	4.34	4.42	-1.59	-12.5
CF	RNG70xERR60xARM55	70	60	55	N/A	100000	51998	48002	434059	414492	52.00%	4.34	4.14	3.00	31.6
CF	RNG75xERR60xARM55	75	60	55	N/A	100000	51946	48054	434488	414520	51.95%	4.34	4.15	2.91	31.5
CF	RNG60xERR40xARM55	60	40	55	N/A	100000	49934	50066	434665	436368	49.93%	4.35	4.36	-0.35	-3.8
CF	RNG60xERR50xARM55	60	50	55	N/A	100000	50079	49921	433588	433833	50.08%	4.34	4.34	-0.11	0.3
CF	RNG60xERR70xARM55	60	70	55	N/A	100000	50054	49946	434073	433812	50.05%	4.34	4.34	-0.15	0.3
CF	RNG60xERR75xARM55	60	75	55	N/A	100000	49858	50142	433851	434401	49.86%	4.34	4.34	-0.47	-0.7
CF	RNG60xERR60xARM40	60	60	40	N/A	100000	49466	50534	434354	439010	49.47%	4.34	4.39	-1.10	-8.1
CF	RNG60xERR60xARM50	60	60	50	N/A	100000	49648	50352	432906	437551	49.65%	4.33	4.38	-0.81	-5.8
CF	RNG60xERR60xARM70	60	60	70	N/A	100000	50116	49884	432836	430887	50.12%	4.33	4.31	-0.05	5.0
CF	RNG60xERR60xARM75	60	60	75	N/A	100000	50526	49474	435065	431023	50.53%	4.35	4.31	0.61	4.8
CF	RNG70xERR60xARM70	70	60	70	N/A	100000	52294	47706	432406	410820	52.29%	4.32	4.11	3.48	37.5
CF	RNG40xERR60xARM40	40	60	40	N/A	100000	48798	51202	435332	446327	48.80%	4.35	4.46	-2.19	-20.0
CF	RNG40xERR60xARM70	40	60	70	N/A	100000	49431	50569	433642	439115	49.43%	4.34	4.39	-1.16	-8.3
CF	RNG50xERR60xARM70	50	60	70	N/A	100000	49573	50427	434356	438610	49.57%	4.34	4.39	-0.93	-7.5
CF-Systematic	Baseline	60	60	55	N/A	100000	50147	49853	434431	433995	50.15%	4.34	4.34	n/a	n/a
CF-Systematic	RNG40xERR40xARM40	40	40	40	N/A	100000	48935	51065	435128	445453	48.94%	4.35	4.45	-1.96	-18.6
CF-Systematic	RNG60xERR40xARM40	60	40	40	N/A	100000	49691	50309	434691	438308	49.69%	4.35	4.38	-0.74	-7.0
CF-Systematic	RNG80xERR40xARM40	80	40	40	N/A	100000	51617	48383	434021	419853	51.62%	4.34	4.20	2.38	22.9
CF-Systematic	RNG40xERR60xARM40	40	60	40	N/A	100000	48798	51202	435332	446327	48.80%	4.35	4.46	-2.19	-20.0
CF-Systematic	RNG60xERR60xARM40	60	60	40	N/A	100000	49466	50534	434354	439010	49.47%	4.34	4.39	-1.10	-8.1
CF-Systematic	RNG80xERR60xARM40	80	60	40	N/A	100000	51830	48170	434927	418159	51.83%	4.35	4.18	2.73	25.7
CF-Systematic	RNG40xERR80xARM40	40	80	40	N/A	100000	48860	51140	433532	445510	48.86%	4.34	4.46	-2.09	-18.7
CF-Systematic	RNG60xERR80xARM40	60	80	40	N/A	100000	49129	50871	432970	438561	49.13%	4.33	4.39	-1.65	-7.4
CF-Systematic	RNG80xERR80xARM40	80	80	40	N/A	100000	51661	48339	433564	417240	51.66%	4.34	4.17	2.45	27.1
CF-Systematic	RNG40xERR40xARM60	40	40	60	N/A	100000	49084	50916	432599	441520	49.08%	4.33	4.42	-1.72	-12.2
CF-Systematic	RNG60xERR40xARM60	60	40	60	N/A	100000	49982	50018	434504	436250	49.98%	4.35	4.36	-0.27	-3.7
CF-Systematic	RNG80xERR40xARM60	80	40	60	N/A	100000	51830	48170	433203	415472	51.83%	4.33	4.15	2.73	30.0
CF-Systematic	RNG40xERR60xARM60	40	60	60	N/A	100000	49505	50495	434654	440351	49.51%	4.35	4.40	-1.04	-10.3
CF-Systematic	RNG60xERR60xARM60	60	60	60	N/A	100000	50202	49798	433767	432353	50.20%	4.34	4.32	0.09	2.7
CF-Systematic	RNG80xERR60xARM60	80	60	60	N/A	100000	52029	47971	433682	413756	52.03%	4.34	4.14	3.05	32.8
CF-Systematic	RNG40xERR80xARM60	40	80	60	N/A	100000	49468	50532	434891	440654	49.47%	4.35	4.41	-1.10	-10.8
CF-Systematic	RNG60xERR80xARM60	60	80	60	N/A	100000	50195	49805	432497	431119	50.20%	4.32	4.31	0.08	4.7
CF-Systematic	RNG80xERR80xARM60	80	80	60	N/A	100000	52228	47772	434443	413957	52.23%	4.34	4.14	3.37	32.5
CF-Systematic	RNG40xERR40xARM80	40	40	80	N/A	100000	49672	50328	434257	439065	49.67%	4.34	4.39	-0.77	-8.2
CF-Systematic	RNG60xERR40xARM80	60	40	80	N/A	100000	50116	49884	433910	432477	50.12%	4.34	4.32	-0.05	2.5
CF-Systematic	RNG80xERR40xARM80	80	40	80	N/A	100000	52811	47189	436039	410367	52.81%	4.36	4.10	4.32	38.3
CF-Systematic	RNG40xERR60xARM80	40	60	80	N/A	100000	49962	50038	434209	435913	49.96%	4.34	4.36	-0.30	-3.1
CF-Systematic	RNG60xERR60xARM80	60	60	80	N/A	100000	50427	49573	434917	431192	50.43%	4.35	4.31	0.45	4.5
CF-Systematic	RNG80xERR60xARM80	80	60	80	N/A	100000	52524	47476	432848	409602	52.52%	4.33	4.10	3.85	39.5
CF-Systematic	RNG40xERR80xARM80	40	80	80	N/A	100000	49823	50177	434802	437734	49.82%	4.35	4.38	-0.53	-6.1
CF-Systematic	RNG60xERR80xARM80	60	80	80	N/A	100000	50400	49600	433071	429270	50.40%	4.33	4.29	0.41	7.7
CF-Systematic	RNG80xERR80xARM80	80	80	80	N/A	100000	52585	47415	433348	409532	52.59%	4.33	4.10	3.95	39.6
CF-Systematic	RNG70xERR60xARM40	70	60	40	N/A	100000	51241	48759	433438	419951	51.24%	4.33	4.20	1.77	22.8
CF-Systematic	RNG70xERR60xARM60	70	60	60	N/A	100000	52301	47699	433853	411876	52.30%	4.34	4.12	3.49	35.8
CF-Systematic	RNG70xERR60xARM80	70	60	80	N/A	100000	52684	47316	433986	409775	52.68%	4.34	4.10	4.11	39.2
CF-Systematic	RNG65xERR60xARM40	65	60	40	N/A	100000	51182	48818	432614	419790	51.18%	4.33	4.20	1.68	23.0
CF-Systematic	RNG65xERR60xARM60	65	60	60	N/A	100000	51975	48025	433801	415251	51.98%	4.34	4.15	2.96	30.4
CF-Systematic	RNG65xERR60xARM80	65	60	80	N/A	100000	52680	47320	434466	409611	52.68%	4.34	4.10	4.10	39.5
CF-Systematic	RNG45xERR60xARM60	45	60	60	N/A	100000	49302	50698	434539	440957	49.30%	4.35	4.41	-1.37	-11.3
CF-Systematic	RNG50xERR60xARM60	50	60	60	N/A	100000	49379	50621	434833	440526	49.38%	4.35	4.41	-1.24	-10.6
CF-Systematic	RNG55xERR60xARM60	55	60	60	N/A	100000	49451	50549	434265	440136	49.45%	4.34	4.40	-1.13	-9.9
LF-Systematic	Baseline	50	45	50	N/A	100000	50147	49853	434431	433995	50.15%	4.34	4.34	n/a	n/a
LF-Systematic	RNG40xERR40xARM40	40	40	40	N/A	100000	49373	50627	435057	443397	49.37%	4.35	4.43	-1.25	-15.2
LF-Systematic	RNG60xERR40xARM40	60	40	40	N/A	100000	50864	49136	433383	424960	50.86%	4.33	4.25	1.16	14.6
LF-Systematic	RNG80xERR40xARM40	80	40	40	N/A	100000	50907	49093	432717	424402	50.91%	4.33	4.24	1.23	15.5
LF-Systematic	RNG40xERR60xARM40	40	60	40	N/A	100000	49376	50624	434144	440559	49.38%	4.34	4.41	-1.25	-10.6
LF-Systematic	RNG60xERR60xARM40	60	60	40	N/A	100000	51167	48833	435363	424113	51.17%	4.35	4.24	1.65	16.0
LF-Systematic	RNG80xERR60xARM40	80	60	40	N/A	100000	51024	48976	434083	424462	51.02%	4.34	4.24	1.42	15.4
LF-Systematic	RNG40xERR80xARM40	40	80	40	N/A	100000	49182	50818	433590	441486	49.18%	4.34	4.41	-1.56	-12.1
LF-Systematic	RNG60xERR80xARM40	60	80	40	N/A	100000	50907	49093	433786	423917	50.91%	4.34	4.24	1.23	16.3
LF-Systematic	RNG80xERR80xARM40	80	80	40	N/A	100000	51178	48822	434132	424415	51.18%	4.34	4.24	1.67	15.5
LF-Systematic	RNG40xERR40xARM60	40	40	60	N/A	100000	49744	50256	435760	440004	49.74%	4.36	4.40	-0.65	-9.7
LF-Systematic	RNG60xERR40xARM60	60	40	60	N/A	100000	51349	48651	433148	421780	51.35%	4.33	4.22	1.95	19.8
LF-Systematic	RNG80xERR40xARM60	80	40	60	N/A	100000	51256	48744	433397	422943	51.26%	4.33	4.23	1.80	17.9
LF-Systematic	RNG40xERR60xARM60	40	60	60	N/A	100000	49362	50638	433487	440242	49.36%	4.33	4.40	-1.27	-10.1
LF-Systematic	RNG60xERR60xARM60	60	60	60	N/A	100000	51183	48817	434098	421984	51.18%	4.34	4.22	1.68	19.5
LF-Systematic	RNG80xERR60xARM60	80	60	60	N/A	100000	51466	48534	433902	421458	51.47%	4.34	4.21	2.14	20.3
LF-Systematic	RNG40xERR80xARM60	40	80	60	N/A	100000	49295	50705	433834	440629	49.30%	4.34	4.41	-1.38	-10.7
LF-Systematic	RNG60xERR80xARM60	60	80	60	N/A	100000	51332	48668	434667	422035	51.33%	4.35	4.22	1.92	19.4
LF-Systematic	RNG80xERR80xARM60	80	80	60	N/A	100000	51139	48861	434386	423590	51.14%	4.34	4.24	1.61	16.9
LF-Systematic	RNG40xERR40xARM80	40	40	80	N/A	100000	49669	50331	432917	436240	49.67%	4.33	4.36	-0.77	-3.6
LF-Systematic	RNG60xERR40xARM80	60	40	80	N/A	100000	51367	48633	434365	421511	51.37%	4.34	4.22	1.98	20.2
LF-Systematic	RNG80xERR40xARM80	80	40	80	N/A	100000	51410	48590	434535	420855	51.41%	4.35	4.21	2.05	21.3
LF-Systematic	RNG40xERR60xARM80	40	60	80	N/A	100000	49688	50312	433912	438002	49.69%	4.34	4.38	-0.74	-6.5
LF-Systematic	RNG60xERR60xARM80	60	60	80	N/A	100000	51408	48592	434628	421041	51.41%	4.35	4.21	2.04	21.0
LF-Systematic	RNG80xERR60xARM80	80	60	80	N/A	100000	51110	48890	433719	421348	51.11%	4.34	4.21	1.56	20.5
LF-Systematic	RNG40xERR80xARM80	40	80	80	N/A	100000	49403	50597	433634	439929	49.40%	4.34	4.40	-1.21	-9.6
LF-Systematic	RNG60xERR80xARM80	60	80	80	N/A	100000	51451	48549	434943	420132	51.45%	4.35	4.20	2.11	22.5
LF-Systematic	RNG80xERR80xARM80	80	80	80	N/A	100000	51465	48535	434361	420558	51.47%	4.34	4.21	2.13	21.8
LF-Systematic	RNG45xERR60xARM60	45	60	60	N/A	100000	49623	50377	433552	438316	49.62%	4.34	4.38	-0.85	-7.0
LF-Systematic	RNG50xERR60xARM60	50	60	60	N/A	100000	50037	49963	434374	434772	50.04%	4.34	4.35	-0.18	-1.3
LF-Systematic	RNG55xERR60xARM60	55	60	60	N/A	100000	51084	48916	433456	423243	51.08%	4.33	4.23	1.52	17.4
RF-Systematic	Baseline	50	55	55	N/A	100000	50147	49853	434431	433995	50.15%	4.34	4.34	n/a	n/a
RF-Systematic	RNG40xERR40xARM40	40	40	40	N/A	100000	48546	51454	434384	448603	48.55%	4.34	4.49	-2.59	-23.7
RF-Systematic	RNG60xERR40xARM40	60	40	40	N/A	100000	51945	48055	435087	418202	51.95%	4.35	4.18	2.91	25.6
RF-Systematic	RNG80xERR40xARM40	80	40	40	N/A	100000	51448	48552	434585	419805	51.45%	4.35	4.20	2.11	23.0
RF-Systematic	RNG40xERR60xARM40	40	60	40	N/A	100000	48559	51441	434128	447846	48.56%	4.34	4.48	-2.57	-22.4
RF-Systematic	RNG60xERR60xARM40	60	60	40	N/A	100000	51847	48153	434534	416136	51.85%	4.35	4.16	2.75	28.9
RF-Systematic	RNG80xERR60xARM40	80	60	40	N/A	100000	51735	48265	434635	418441	51.74%	4.35	4.18	2.57	25.2
RF-Systematic	RNG40xERR80xARM40	40	80	40	N/A	100000	48590	51410	433628	448453	48.59%	4.34	4.48	-2.52	-23.4
RF-Systematic	RNG60xERR80xARM40	60	80	40	N/A	100000	51856	48144	433684	416569	51.86%	4.34	4.17	2.77	28.2
RF-Systematic	RNG80xERR80xARM40	80	80	40	N/A	100000	51640	48360	434297	418439	51.64%	4.34	4.18	2.42	25.2
RF-Systematic	RNG40xERR40xARM60	40	40	60	N/A	100000	49378	50622	434784	442157	49.38%	4.35	4.42	-1.25	-13.2
RF-Systematic	RNG60xERR40xARM60	60	40	60	N/A	100000	52260	47740	433952	412257	52.26%	4.34	4.12	3.42	35.2
RF-Systematic	RNG80xERR40xARM60	80	40	60	N/A	100000	52287	47713	435642	413896	52.29%	4.36	4.14	3.47	32.6
RF-Systematic	RNG40xERR60xARM60	40	60	60	N/A	100000	48944	51056	434412	444126	48.94%	4.34	4.44	-1.95	-16.4
RF-Systematic	RNG60xERR60xARM60	60	60	60	N/A	100000	52315	47685	432943	411434	52.32%	4.33	4.11	3.51	36.5
RF-Systematic	RNG80xERR60xARM60	80	60	60	N/A	100000	51875	48125	432650	414873	51.88%	4.33	4.15	2.80	31.0
RF-Systematic	RNG40xERR80xARM60	40	80	60	N/A	100000	49123	50877	433697	442005	49.12%	4.34	4.42	-1.66	-13.0
RF-Systematic	RNG60xERR80xARM60	60	80	60	N/A	100000	52229	47771	433565	410628	52.23%	4.34	4.11	3.37	37.9
RF-Systematic	RNG80xERR80xARM60	80	80	60	N/A	100000	52352	47648	434206	412260	52.35%	4.34	4.12	3.57	35.2
RF-Systematic	RNG40xERR40xARM80	40	40	80	N/A	100000	49501	50499	433842	439244	49.50%	4.34	4.39	-1.05	-8.5
RF-Systematic	RNG60xERR40xARM80	60	40	80	N/A	100000	52700	47300	434257	407558	52.70%	4.34	4.08	4.14	42.8
RF-Systematic	RNG80xERR40xARM80	80	40	80	N/A	100000	52951	47049	434550	409204	52.95%	4.35	4.09	4.54	40.2
RF-Systematic	RNG40xERR60xARM80	40	60	80	N/A	100000	49496	50504	433647	439572	49.50%	4.34	4.40	-1.06	-9.0
RF-Systematic	RNG60xERR60xARM80	60	60	80	N/A	100000	52755	47245	434415	408808	52.76%	4.34	4.09	4.22	40.8
RF-Systematic	RNG80xERR60xARM80	80	60	80	N/A	100000	52537	47463	434183	409999	52.54%	4.34	4.10	3.87	38.9
RF-Systematic	RNG40xERR80xARM80	40	80	80	N/A	100000	50017	49983	434951	435846	50.02%	4.35	4.36	-0.21	-3.0
RF-Systematic	RNG60xERR80xARM80	60	80	80	N/A	100000	52630	47370	432637	407522	52.63%	4.33	4.08	4.02	42.9
RF-Systematic	RNG80xERR80xARM80	80	80	80	N/A	100000	52817	47183	436021	409160	52.82%	4.36	4.09	4.32	40.2
RF-Systematic	RNG45xERR60xARM60	45	60	60	N/A	100000	49522	50478	435201	441700	49.52%	4.35	4.42	-1.01	-12.5
RF-Systematic	RNG50xERR60xARM60	50	60	60	N/A	100000	49777	50223	431895	433015	49.78%	4.32	4.33	-0.60	1.6
RF-Systematic	RNG55xERR60xARM60	55	60	60	N/A	100000	52472	47528	435245	412107	52.47%	4.35	4.12	3.77	35.5
C-Systematic	Baseline	55	55	50	N/A	100000	50147	49853	434431	433995	50.15%	4.34	4.34	n/a	n/a
C-Systematic	BLK80xFRM55xARM50	80	55	50	N/A	100000	50259	49741	434240	431768	50.26%	4.34	4.32	0.18	3.6
C-Systematic	BLK55xFRM55xARM40	55	55	40	N/A	100000	49991	50009	436118	435866	49.99%	4.36	4.36	-0.25	-3.0
C-Systematic	BLK55xFRM55xARM80	55	55	80	N/A	100000	49893	50107	434546	434254	49.89%	4.35	4.34	-0.41	-0.4
C-Systematic	BLK40xFRM40xARM50	40	40	50	N/A	100000	48520	51480	434375	449338	48.52%	4.34	4.49	-2.64	-24.9
C-Systematic	BLK40xFRM45xARM50	40	45	50	N/A	100000	49015	50985	434246	444133	49.02%	4.34	4.44	-1.83	-16.4
C-Systematic	BLK40xFRM50xARM50	40	50	50	N/A	100000	49412	50588	434006	439681	49.41%	4.34	4.40	-1.19	-9.2
C-Systematic	BLK40xFRM55xARM50	40	55	50	N/A	100000	49773	50227	432594	434938	49.77%	4.33	4.35	-0.61	-1.5
C-Systematic	BLK40xFRM60xARM50	40	60	50	N/A	100000	50096	49904	433519	432999	50.10%	4.34	4.33	-0.08	1.6
C-Systematic	BLK40xFRM65xARM50	40	65	50	N/A	100000	50602	49398	433118	430022	50.60%	4.33	4.30	0.74	6.4
C-Systematic	BLK40xFRM70xARM50	40	70	50	N/A	100000	50250	49750	434126	430420	50.25%	4.34	4.30	0.17	5.8
C-Systematic	BLK40xFRM75xARM50	40	75	50	N/A	100000	50363	49637	433279	430447	50.36%	4.33	4.30	0.35	5.7
C-Systematic	BLK40xFRM80xARM50	40	80	50	N/A	100000	50274	49726	433386	430235	50.27%	4.33	4.30	0.21	6.1
C-Systematic	BLK55xFRM40xARM50	55	40	50	N/A	100000	48658	51342	435201	448365	48.66%	4.35	4.48	-2.41	-23.3
C-Systematic	BLK55xFRM45xARM50	55	45	50	N/A	100000	49241	50759	434082	442602	49.24%	4.34	4.43	-1.47	-13.9
C-Systematic	BLK55xFRM50xARM50	55	50	50	N/A	100000	49692	50308	435917	439084	49.69%	4.36	4.39	-0.74	-8.2
C-Systematic	BLK55xFRM60xARM50	55	60	50	N/A	100000	50294	49706	433988	431858	50.29%	4.34	4.32	0.24	3.5
C-Systematic	BLK55xFRM65xARM50	55	65	50	N/A	100000	50452	49548	434833	429621	50.45%	4.35	4.30	0.49	7.1
C-Systematic	BLK55xFRM70xARM50	55	70	50	N/A	100000	50544	49456	433716	428956	50.54%	4.34	4.29	0.64	8.2
C-Systematic	BLK55xFRM75xARM50	55	75	50	N/A	100000	50419	49581	434777	429787	50.42%	4.35	4.30	0.44	6.8
C-Systematic	BLK55xFRM80xARM50	55	80	50	N/A	100000	50214	49786	432217	430318	50.21%	4.32	4.30	0.11	6.0
C-Systematic	BLK70xFRM40xARM50	70	40	50	N/A	100000	49151	50849	436327	445739	49.15%	4.36	4.46	-1.61	-19.0
C-Systematic	BLK70xFRM45xARM50	70	45	50	N/A	100000	49346	50654	434111	440824	49.35%	4.34	4.41	-1.30	-11.1
C-Systematic	BLK70xFRM50xARM50	70	50	50	N/A	100000	49913	50087	433753	435544	49.91%	4.34	4.36	-0.38	-2.5
C-Systematic	BLK70xFRM55xARM50	70	55	50	N/A	100000	50079	49921	433534	434336	50.08%	4.34	4.34	-0.11	-0.6
C-Systematic	BLK70xFRM60xARM50	70	60	50	N/A	100000	50363	49637	433443	430822	50.36%	4.33	4.31	0.35	5.1
C-Systematic	BLK70xFRM65xARM50	70	65	50	N/A	100000	50404	49596	433599	427487	50.40%	4.34	4.27	0.42	10.5
C-Systematic	BLK70xFRM70xARM50	70	70	50	N/A	100000	50661	49339	432775	427253	50.66%	4.33	4.27	0.83	10.9
C-Systematic	BLK70xFRM75xARM50	70	75	50	N/A	100000	50616	49384	435159	428342	50.62%	4.35	4.28	0.76	9.2
C-Systematic	BLK70xFRM80xARM50	70	80	50	N/A	100000	50661	49339	434232	427274	50.66%	4.34	4.27	0.83	10.9
C-Systematic	BLK70xFRM70xARM70	70	70	70	N/A	100000	50756	49244	433218	426525	50.76%	4.33	4.27	0.99	12.1
