SS_INTERACTION_CORRECTION = {
    # Keys: (IFrange_rating, IFarm_rating); values: runs/162 correction
    # to add on top of the additive sum for this position.
    (20, 20): 13.0,
    (20, 25): 13.0,
    (20, 30): 13.0,
    (20, 35): 13.0,
    (20, 40): 13.0,
    (20, 45): 13.0,
    (20, 50): 7.7,
    (20, 55): 7.7,
    (20, 60): 7.7,
    (20, 65): -1.2,
    (20, 70): -7.2,
    (20, 75): -9.0,
    (25, 20): 13.0,
    (25, 25): 13.0,
    (25, 30): 13.0,
    (25, 35): 13.0,
    (25, 40): 13.0,
    (25, 45): 13.0,
    (25, 50): 7.7,
    (25, 55): 7.7,
    (25, 60): 7.7,
    (25, 65): -1.2,
    (25, 70): -7.2,
    (25, 75): -9.0,
    (30, 20): 13.0,
    (30, 25): 13.0,
    (30, 30): 13.0,
    (30, 35): 13.0,
    (30, 40): 13.0,
    (30, 45): 13.0,
    (30, 50): 7.7,
    (30, 55): 7.7,
    (30, 60): 7.7,
    (30, 65): -1.2,
    (30, 70): -7.2,
    (30, 75): -9.0,
    (35, 20): 13.0,
    (35, 25): 13.0,
    (35, 30): 13.0,
    (35, 35): 13.0,
    (35, 40): 13.0,
    (35, 45): 13.0,
    (35, 50): 7.7,
    (35, 55): 7.7,
    (35, 60): 7.7,
    (35, 65): -1.2,
    (35, 70): -7.2,
    (35, 75): -9.0,
    (40, 20): 13.0,
    (40, 25): 13.0,
    (40, 30): 13.0,
    (40, 35): 13.0,
    (40, 40): 13.0,
    (40, 45): 13.0,
    (40, 50): 7.7,
    (40, 55): 7.7,
    (40, 60): 7.7,
    (40, 65): -1.2,
    (40, 70): -7.2,
    (40, 75): -9.0,
    (45, 20): 13.0,
    (45, 25): 13.0,
    (45, 30): 13.0,
    (45, 35): 13.0,
    (45, 40): 13.0,
    (45, 45): 6.3,
    (45, 50): 4.6,
    (45, 55): 4.6,
    (45, 60): 4.6,
    (45, 65): -1.2,
    (45, 70): -7.2,
    (45, 75): -9.0,
    (50, 20): 7.4,
    (50, 25): 7.4,
    (50, 30): 7.4,
    (50, 35): 7.4,
    (50, 40): 7.4,
    (50, 45): -0.5,
    (50, 50): -0.5,
    (50, 55): 0.4,
    (50, 60): 0.4,
    (50, 65): -12.9,
    (50, 70): -17.6,
    (50, 75): -17.6,
    (55, 20): 2.9,
    (55, 25): 2.9,
    (55, 30): 2.9,
    (55, 35): 2.9,
    (55, 40): 2.9,
    (55, 45): 1.2,
    (55, 50): -1.1,
    (55, 55): -1.5,
    (55, 60): -9.2,
    (55, 65): -5.7,
    (55, 70): -1.3,
    (55, 75): 13.1,
    (60, 20): -10.3,
    (60, 25): -10.3,
    (60, 30): -10.3,
    (60, 35): -10.3,
    (60, 40): -10.3,
    (60, 45): -8.3,
    (60, 50): -10.5,
    (60, 55): -1.4,
    (60, 60): 6.2,
    (60, 65): 17.0,
    (60, 70): 15.9,
    (60, 75): 14.4,
    (65, 20): -18.2,
    (65, 25): -18.2,
    (65, 30): -18.2,
    (65, 35): -18.2,
    (65, 40): -18.2,
    (65, 45): -9.1,
    (65, 50): 5.6,
    (65, 55): 11.3,
    (65, 60): 6.7,
    (65, 65): 3.2,
    (65, 70): 3.9,
    (65, 75): 0.7,
    (70, 20): 6.1,
    (70, 25): 6.1,
    (70, 30): 6.1,
    (70, 35): 6.1,
    (70, 40): 6.1,
    (70, 45): 9.6,
    (70, 50): 7.6,
    (70, 55): 5.5,
    (70, 60): -2.3,
    (70, 65): -3.4,
    (70, 70): -6.7,
    (70, 75): -10.1,
    (75, 20): 7.6,
    (75, 25): 7.6,
    (75, 30): 7.6,
    (75, 35): 7.6,
    (75, 40): 7.6,
    (75, 45): 7.6,
    (75, 50): 8.1,
    (75, 55): 8.1,
    (75, 60): 8.1,
    (75, 65): -3.4,
    (75, 70): -6.6,
    (75, 75): -6.6,
}
